$ANSIBLE_VAULT;1.1;AES256
34626461343761643438663434306431646632633063333164663661333265356163633533383431
6538326233306331663339396232323361376265393264380a393330336265363066386463303632
34383939663264646631323030383237366236373465613765303634323663646537333230616363
3234333733306130360a386535623133643361646332333234666532666361323836353730613832
64313338653261373764383631326665613932643362346262373163666535353966386338366538
32313866363231613063653939383832373230346330316438363037666432333861366338363261
39626332633636353766343166636537313231313439393134386331373861613137313339623531
63626263663566336437303064323065626139356636326130323833363366613463326663363435
35336263353738383932363566643334303263663164313066303735656366366137303739646137
65623962316462666366633434333666373462383932323066613965636139643638323063613338
33613237663634633235343633383938626566643235646438343666323363616561623361313665
65333038313036326566616537333237323064633436643561623466633866396136336336366661
35396165373130333163376538396639306637303636396130396238396530376263363163336266
39633563666534323233303237313039323064346162373065353163393037666335623665363961
34323834396238346663323663653263646338656333656235623366613566313638626338613035
31323634613134396531303161663233633538623434343336616164623366346465643737663362
36653538323831366263323234333635363734613835356234646265356431653166366635663837
61373234333830373164306134633530333133306263643636666266666563643264353733646237
31623762626332343531333037663830313337333366316165323361643265646531376261653536
35383561363965363536623564383164303033326437613964373937343261353562303532356666
62306334353130383333346333653766353637373032323431643234373462623737656130636635
34396532303164336133336661343236643933613361623062333138656635343831366166353966
36656163383538353962303937313531343765303636646664363736623664353634396262613861
33353834383565386566643933303430336430336663643736303033633731383832383530626636
32333862353138353761333134393036323166366532613263383361383135336333643139303564
63643566383262643363306336316333383466643439343433376161326366396663326433663662
66326538386164663239373338383336663339643637653530656665666166373666373033323032
37333431353835376464333261646630313438633761306364653030346365663134613861386438
63663361633736333631393831373863666133616439656534323638323035383939633638336339
31333430326538376665306135666630313837626261383963393637393035626665616230663063
64616431373861343132333264343433393366353832643830623430386361313763353263663164
30346163633234633932633464343165376434373835313433636131613632666334636366643239
64663461623465373034303331653930326338303033626630633266616331663731383638326336
36383932343163633961623837653337663535393437646362363964663232393333393665313739
30326466396632613531393535363536303961373734336430336466373634383765343362356139
31373563666335303334656562626462626361373630633438356361643932306235386638393462
63396366343566346237666539613361346665316464376237306230343838396639643036343931
38326265653766323039396234333030353634653961623565373633323063386130633430343837
363933343832316130336537633731633930
